1936036848
215553
557982704
2454894443
983822199
-68677641
-1326637392
389177109
-1761349524
-588407329
3637231188
3406007
-58580589
3510769623
-99288639
3634952921
263845641
-299630172
1741229376
1652684268
467095017
7456809
-305244927
2707841127
1910909052
2987430333
-649929471
142143936
273585567
12077525
335275836
2188836164
1657709964
-957143212
-87633037
446944677
300205203
1351029711
-1317263749
-1378886019
399300012
-266671821
2852524644
1785712733
-1058863533
1561465776
1659197619
333105209
306740601
-100001671
-12198999
194035167
721899971
-233249524
-618068028
254539743
-383756292
133200101
-297146196
150035376
-6972828
1581147741
599387628
115274841
522383484
2872896711
3925226357
2657376927
-175887429
-309332908
-1598418169
137097357
2763903849
-257334676
2750746764
-1837612801
-426139851
-408962397
-221874972
4003972149
2802779241
-259621767
1398833597
-732638991
537586847
2764314900
-354259953
287301549
-330721932
-333856548
1382736075
5802618063
-327140739
523819671
-925486188
204871953
450582177
-85775067
2935460316
240039503
